0.0 1.3 1.25 14.0 14.0 14.0 14.0
1.3 0.0 14.0 1.35 1.95 2.345 14.0
1.25 14.0 0.0 1.3 2.725 1.95 14.0
14.0 1.35 1.3 0.0 1.425 1.325 14.0
14.0 1.95 2.725 1.425 0.0 14.0 1.45
14.0 2.345 1.95 1.325 14.0 0.0 1.375
14.0 14.0 14.0 14.0 1.45 1.375 0.0